9780746070833
9780603567469
9781788883771
9780241491515
9780241437445
9780008164652
9781841195674
9781840460568
9781785943515
9781853260438
9780552576482
9780241953235
9780857503527
1741749x
9781784164836
9781853260162
9781781255582
9780330491211
9780330491235
9780330491228
9780330491204
9780330491198
9780141038360
9781529111538
9780552771153
9780192727480
9780007197903
9781909531192
9781407172842
7814089
9780552551656
9780241334003
9780857300119
9780552548922
9780141439556
9781862305274
9780753410189
9780330398701
9780330507677
9780552553537
9780006374923
9780330492997
9780241382592
9780241984017
9781905654420
9780141984018
9781407243214
9781785940699
9780140620627
9780755339129
9780552113137
9781407243252
9781840460964
9781784875442
9780590660549
9781407154190
9780241482674
9781844281008
9780439944687
9780141987286
9781407130231
9780241982976
9780241982976
9780241982976
9781444907513
9781783443765
9780751540642
9780603568381
9781405273442
9781784701345
9780099760115
9780099493099
9780140586527
9781405226660
9780192755285
9780192751577
9780439943666
9780061431838
9780241466940
9780603568039
9780241491515
9781035014040
9780141380780
9780330456845
9781544773278
9780552548908
9781862306547
9781510105010
9781408715819
9780141346809
9780007487288
9780007968183
9781447204992
9780241335529
9780241335536
9780241335543
9780007489466
9780241391686
9780241391709
9781407152134
9780241448779
9781785940668
9781785940651
9780563486435
9780563486275
9780099441519
9780099255192
9781848453937
9781848453821
9780141325033
9780330314688
9781785940682
9780141325033
9780747599876
9780141023380
9780141996738
9780141324524
9780140621211
9781447228721
9781447228813
141320788
9780141302003
9781406307634
9781472033088
7814089
9781408346204
9781408346198
9781408346181
9780141985350
9781408346174
9781849411110
9781849412704
9780753410165
9781848531253
9781849412728
9781849412735
9781910655139
9780140118476
9780141439600
9781853260391
9780241989142
9781784705404
9781408832929
9780141986289
9780141442341
9780141348292
9780552554770
9780436201356
9781406332933
9781444768602
7818519
713995297
9780141018225
9781444917901
9781447200321
9780330537964
9781447265627
9781447294573
9781447228011
9780007480210
9780007257058
9780007489237
9780007489282
9780007326037
9780007326013
9780007302161
9780007325979
9781447265580
9781447265597
9781447265610
9781444914702
9780007241620
9780857300096
9781471405969
9780241402351
9781407243245
9781407243269
9781407243191
9781407243221
9781407243238
9781407243207
9781405924672
9780007832293
9781529118810
9781529118780
17160000108
9780140620658
9780140287974
9781784754730
9781784754723
9781784754747
9780007277339
9780007222100
9780099583042
9780007538072
9781409120544
9781471147494
9780007275847
9780099427339
9781849410083
9781471146169
9780747538486
9780224083256
9780241391693
9780099542254
9781529115499
20125007021170
9781471147487
9781408855690
9780141318011
9780241558218
9780241558218
9780241558218
9780241558218
9780241558218
9780241558218
9780241558218
9780140439021
9781473637467
9781784872700
9780747561224
9780199127450
9780563486329
X001LGFQHH
9781784876418
7819169
9781916467200
9781916467200
9781782945673
9780008112622
9780746073711
9781904994862
9781529118803
9781785940644
9780241372753
9781848531055
9781407109367
9780241380079
9780744590074
9781407102436
9780241354568
9781529112207
9780141029948
9780552577564
9780241511398
9780007279043
9780241511398
9780440869276
9780440869863
9780552570862
9780241433935
9780440871248
9780701188696
9780753556207
9781529118650
9781529109436
9781785152009
9780857533197
9780857531056
9781510434882
9780746070833
9780603567469
9780297870913
9780007494019
9780007494019
9780007371440
9780747242895
9780007796656
9780755325276
9780007796489
9780753410097
9781529118544
9780141025018
9780241514870
9781785036378
9780091908935
9780571258246
9781784705039
9781844280933
9781406310498
9780141322032
9781784700089
9780744570519
9781848531208
9771741749015
9780099518471
9780141336138
9780141336107
9780141325064
9780141336152
9781406360196
9781844286218
9781406321081
9780099477310
9780141318592
9781406360196
9780857524423
9780857522313
9780241523551
9781529072150
9781847159175
9780851121925
9781408855676
9780241515037